
RSTin_ma_norm_5: 
[1. 1. 1. 1. 1.]

rts2001_ma_norm_5
[1. 1. 1. 1. 1.]

RSTin_ma_exp_5: 
[0.13168724 0.19753086 0.2962963  0.44444444 0.66666667]

rts2001_ma_exp_5
[0.13168724 0.19753086 0.2962963  0.44444444 0.66666667]

RSTin_ma_norm_10: 
[1. 1. 1. 1. 1. 1. 1. 1. 1. 1.]

rts2001_ma_norm_10
[1. 1. 1. 1. 1. 1. 1. 1. 1. 1.]

RSTin_ma_exp_10: 
[0.13443063 0.16430411 0.20081613 0.24544194 0.29998459 0.36664783
 0.44812513 0.54770849 0.66942149 0.81818182]

rts2001_ma_exp_10
[0.13443063 0.16430411 0.20081613 0.24544194 0.29998459 0.36664783
 0.44812513 0.54770849 0.66942149 0.81818182]
