ARMA(0, 0)
MLS: 
-0.17055
0.94448
RMLS: 
-0.17055
0.94447

ARMA(0, 1)
MLS: 
-0.15545
0.93622
0.23513
RMLS: 
-0.15545
0.93621
0.23513

ARMA(0, 2)
MLS: 
-0.13661
0.92868
0.22543
0.29636
RMLS: 
-0.13661
0.92867
0.22543
0.29635

ARMA(0, 3)
MLS: 
-0.08419
0.92229
0.21495
0.27777
0.76148
RMLS: 
-0.08419
0.92228
0.21495
0.27777
0.76147

ARMA(1, 0)
MLS: 
-0.08572
0.33939
0.96232
RMLS: 
-0.08572
0.33939
0.96231

ARMA(1, 1)
MLS: 
-0.07554
0.42704
0.97212
-0.16708
RMLS: 
-0.07554
0.42703
0.97211
-0.16708

ARMA(1, 2)
MLS: 
-0.07136
0.37246
0.96391
-0.12170
0.20651
RMLS: 
-0.07136
0.37245
0.96390
-0.12170
0.20651

ARMA(1, 3)
MLS: 
-0.06611
0.11490
0.93332
0.10879
0.25110
0.72670
RMLS: 
-0.06611
0.11490
0.93331
0.10878
0.25110
0.72670

ARMA(2, 0)
MLS: 
-0.04782
0.26597
0.23112
0.97717
RMLS: 
-0.04782
0.26597
0.23111
0.97716

ARMA(2, 1)
MLS: 
-0.04759
0.27182
0.22896
0.97760
-0.00986
RMLS: 
-0.04759
0.27182
0.22896
0.97759
-0.00985

ARMA(2, 2)
MLS: 
-0.04922
0.27575
0.21075
0.97583
-0.01540
0.03179
RMLS: 
-0.04922
0.27575
0.21075
0.97582
-0.01539
0.03179

ARMA(2, 3)
MLS: 
-0.05380
0.06721
0.11370
0.94010
0.16273
0.15633
0.71414
RMLS: 
-0.05380
0.06722
0.11370
0.94009
0.16273
0.15633
0.71413

ARMA(3, 0)
MLS: 
0.02896
0.16379
0.09226
0.54969
1.05026
RMLS: 
0.02896
0.16379
0.09226
0.54968
1.05025

ARMA(3, 1)
MLS: 
0.03084
-0.03978
0.15183
0.60069
1.04210
0.33018
RMLS: 
0.03084
-0.03977
0.15183
0.60069
1.04209
0.33017

ARMA(3, 2)
MLS: 
0.02015
-0.03366
-0.11912
0.69649
1.02727
0.30582
0.45134
RMLS: 
0.02015
-0.03366
-0.11911
0.69648
1.02726
0.30581
0.45132

ARMA(3, 3)
MLS: 
-0.00000
-0.04500
-0.07900
0.52500
1.00000
0.30000
0.40000
0.30000
RMLS: 
-0.00000
-0.04499
-0.07899
0.52499
0.99999
0.29999
0.39999
0.30000

