0.67641
1.52110
-0.51188
1.15019
-0.59072
-0.76877
-0.33501
0.09300
-1.37755
0.22792
-0.59016
-1.29694
-1.59806
-0.29741
-1.45156
-0.19986
-0.55275
1.95846
-1.70483
0.91343
-0.69192
-0.67155
0.54452
2.23729
0.15676
-1.62019
-0.49596
-1.02218
-2.19713
-0.25264
-1.06246
1.84272
-0.51878
-1.09538
1.41519
-0.08321
-1.30316
-2.04229
-0.24883
0.30578
0.94360
1.16125
0.38385
-0.30460
0.94790
1.22674
-0.73060
-0.17236
-0.69380
-0.62495
0.39468
-0.24430
-0.54095
0.41534
1.16850
1.44781
-0.51711
-1.90733
0.40962
0.31839
-0.00007
1.85110
-0.06276
0.17726
0.44752
-1.66304
-0.28758
-0.94228
-1.24973
-0.29488
-0.03593
1.26607
-0.17323
0.57180
2.41895
1.05051
0.75279
-0.68702
-0.33875
-0.30660
-1.14436
0.46662
0.82159
-0.44398
0.16588
-0.79526
1.49044
1.75342
-1.74904
0.06943
-0.90472
1.08282
-1.20862
-0.20110
0.02823
-1.49914
1.53844
-0.55594
-0.46618
0.46460
