0.67641
1.52110
-0.51188
2.06598
0.75197
-1.10525
0.61810
-0.03794
-2.34167
0.18422
-0.88813
-3.00005
-1.85295
-1.61853
-3.92490
-1.90202
-1.73662
-0.55494
-2.23475
0.25222
-0.63844
-2.18965
0.62170
1.73427
-0.43243
-0.30605
0.71030
-2.00682
-3.31471
-0.78883
-3.07998
-0.77552
-0.60266
-2.36127
1.17860
-0.43534
-2.40385
-1.28064
-1.38877
-2.07508
-0.14613
0.93340
0.08152
0.40401
1.82385
1.43323
-0.07128
1.23103
0.03295
-1.25737
0.57823
-0.49340
-1.32745
0.67603
0.81885
1.01505
0.75378
-0.81700
0.57504
-0.04239
-0.78535
2.44191
0.51796
0.27032
2.25985
-1.32783
-0.53116
-0.24429
-2.79051
-1.26697
-0.75776
-0.56841
-0.47597
0.68399
2.60943
1.53160
2.29109
1.83055
0.61214
0.57346
-0.69107
0.20621
0.75823
-0.76739
0.58420
-0.24421
0.74698
2.22460
-1.15274
0.96152
0.15823
-0.37381
-0.71572
-0.25716
-0.31884
-2.27478
1.03220
-0.71973
-1.71075
1.23965
