<TICKER>,<PER>,<DATE>,<TIME>,<OPEN>,<HIGH>,<LOW>,<CLOSE>,<VOL>
NYMEX.XRB,D,20200101,000000,1.6960000,1.7034000,1.6960000,1.7006000,309
NYMEX.XRB,D,20200102,000000,1.7003000,1.7159000,1.6940000,1.7055000,32415
NYMEX.XRB,D,20200103,000000,1.7051000,1.7824000,1.7045000,1.7508000,34407
NYMEX.XRB,D,20200105,000000,1.7556000,1.7727000,1.7556000,1.7677000,472
NYMEX.XRB,D,20200106,000000,1.7674000,1.7943000,1.7353000,1.7483000,26214
NYMEX.XRB,D,20200107,000000,1.7486000,1.7851000,1.7057000,1.7798000,27475
NYMEX.XRB,D,20200108,000000,1.7795000,1.8011000,1.6289000,1.6539000,46228
NYMEX.XRB,D,20200109,000000,1.6547000,1.6655000,1.6302000,1.6533000,29914
NYMEX.XRB,D,20200110,000000,1.6537000,1.6786000,1.6508000,1.6596000,27365
NYMEX.XRB,D,20200112,000000,1.6668000,1.6668000,1.6528000,1.6559000,270
NYMEX.XRB,D,20200113,000000,1.6554000,1.6661000,1.6383000,1.6609000,26688
NYMEX.XRB,D,20200114,000000,1.6608000,1.6851000,1.6502000,1.6588000,27624
NYMEX.XRB,D,20200115,000000,1.6591000,1.6617000,1.6262000,1.6481000,25316
NYMEX.XRB,D,20200116,000000,1.6481000,1.6644000,1.6344000,1.6591000,20758
NYMEX.XRB,D,20200117,000000,1.6591000,1.6666000,1.6329000,1.6463000,18545
NYMEX.XRB,D,20200119,000000,1.6524000,1.6711000,1.6524000,1.6571000,367
NYMEX.XRB,D,20200120,000000,1.6572000,1.6582000,1.6365000,1.6422000,3152
NYMEX.XRB,D,20200121,000000,1.6403000,1.6557000,1.6123000,1.6380000,9426
NYMEX.XRB,D,20200122,000000,1.6381000,1.6382000,1.5692000,1.5700000,8811
NYMEX.XRB,D,20200123,000000,1.5690000,1.5709000,1.5346000,1.5632000,6341
NYMEX.XRB,D,20200124,000000,1.5617000,1.5739000,1.5060000,1.5134000,6009
NYMEX.XRB,D,20200126,000000,1.5049000,1.5052000,1.4724000,1.4805000,61
NYMEX.XRB,D,20200127,000000,1.4775000,1.4934000,1.4360000,1.4782000,4512
NYMEX.XRB,D,20200128,000000,1.4791000,1.5199000,1.4619000,1.5097000,4032
NYMEX.XRB,D,20200129,000000,1.5079000,1.5353000,1.4963000,1.5275000,2039
NYMEX.XRB,D,20200130,000000,1.5215000,1.5233000,1.4804000,1.5197000,1223
NYMEX.XRB,D,20200131,000000,1.5171000,1.5171000,1.4839000,1.4887000,778
NYMEX.XRB,D,20200202,000000,1.4900000,1.4900000,1.4685000,1.4807000,711
NYMEX.XRB,D,20200203,000000,1.4817000,1.5135000,1.4590000,1.4623000,39106
NYMEX.XRB,D,20200204,000000,1.4628000,1.5054000,1.4345000,1.4375000,38691
NYMEX.XRB,D,20200205,000000,1.4383000,1.5205000,1.4383000,1.4972000,43246
NYMEX.XRB,D,20200206,000000,1.4962000,1.5254000,1.4674000,1.5060000,31839
NYMEX.XRB,D,20200207,000000,1.5053000,1.5335000,1.4817000,1.5276000,43749
NYMEX.XRB,D,20200209,000000,1.5209000,1.5220000,1.5100000,1.5143000,569
NYMEX.XRB,D,20200210,000000,1.5143000,1.5534000,1.4975000,1.5282000,36840
NYMEX.XRB,D,20200211,000000,1.5289000,1.5424000,1.5086000,1.5214000,28542
NYMEX.XRB,D,20200212,000000,1.5219000,1.5999000,1.5211000,1.5882000,29586
NYMEX.XRB,D,20200213,000000,1.5883000,1.6136000,1.5564000,1.5792000,29086
NYMEX.XRB,D,20200214,000000,1.5792000,1.5960000,1.5613000,1.5869000,24100
NYMEX.XRB,D,20200216,000000,1.5888000,1.6012000,1.5883000,1.5989000,329
NYMEX.XRB,D,20200217,000000,1.5983000,1.6074000,1.5892000,1.5960000,3849
NYMEX.XRB,D,20200218,000000,1.5963000,1.6192000,1.5725000,1.6156000,12076
NYMEX.XRB,D,20200219,000000,1.6160000,1.6793000,1.6100000,1.6734000,9286
NYMEX.XRB,D,20200220,000000,1.6742000,1.6879000,1.6467000,1.6475000,6238
NYMEX.XRB,D,20200221,000000,1.6518000,1.6573000,1.6146000,1.6452000,6036
NYMEX.XRB,D,20200223,000000,1.6331000,1.6331000,1.6048000,1.6070000,94
NYMEX.XRB,D,20200224,000000,1.6058000,1.6175000,1.5753000,1.6082000,5861
NYMEX.XRB,D,20200225,000000,1.6144000,1.6249000,1.5142000,1.5300000,4182
NYMEX.XRB,D,20200226,000000,1.5326000,1.5348000,1.4322000,1.4358000,2760
NYMEX.XRB,D,20200227,000000,1.4413000,1.4413000,1.3747000,1.3954000,1437
NYMEX.XRB,D,20200228,000000,1.3658000,1.4007000,1.3562000,1.3905000,675
NYMEX.XRB,D,20200301,000000,1.4709000,1.4709000,1.4411000,1.4616000,1180
NYMEX.XRB,D,20200302,000000,1.4621000,1.5665000,1.4611000,1.5650000,34857
NYMEX.XRB,D,20200303,000000,1.5656000,1.5927000,1.5158000,1.5309000,26942
NYMEX.XRB,D,20200304,000000,1.5308000,1.5727000,1.5308000,1.5708000,26817
NYMEX.XRB,D,20200305,000000,1.5705000,1.5815000,1.5094000,1.5178000,28204
NYMEX.XRB,D,20200306,000000,1.5171000,1.5195000,1.3840000,1.3927000,28315
NYMEX.XRB,D,20200308,000000,1.2324000,1.2324000,1.1225000,1.1500000,2889
NYMEX.XRB,D,20200309,000000,1.1474000,1.2080000,1.0574000,1.1953000,20018
NYMEX.XRB,D,20200310,000000,1.1958000,1.2348000,1.1340000,1.1605000,17941
NYMEX.XRB,D,20200311,000000,1.1619000,1.2072000,1.0915000,1.0953000,13039
NYMEX.XRB,D,20200312,000000,1.0950000,1.1072000,0.8538000,0.8924000,18641
NYMEX.XRB,D,20200313,000000,0.8927000,1.0195000,0.8762000,0.9217000,16868
NYMEX.XRB,D,20200315,000000,0.9150000,0.9182000,0.8064000,0.8103000,1773
NYMEX.XRB,D,20200316,000000,0.8118000,0.8270000,0.6778000,0.7342000,18672
NYMEX.XRB,D,20200317,000000,0.7338000,0.7818000,0.6884000,0.7280000,13495
NYMEX.XRB,D,20200318,000000,0.7272000,0.7416000,0.6205000,0.6707000,7456
NYMEX.XRB,D,20200319,000000,0.6715000,0.6971000,0.6266000,0.6750000,5712
NYMEX.XRB,D,20200320,000000,0.6750000,0.7484000,0.6014000,0.6254000,3633
NYMEX.XRB,D,20200322,000000,0.6050000,0.6065000,0.5279000,0.5420000,441
NYMEX.XRB,D,20200323,000000,0.5422000,0.5589000,0.3760000,0.4400000,3987
NYMEX.XRB,D,20200324,000000,0.4336000,0.5362000,0.4143000,0.4688000,3314
NYMEX.XRB,D,20200325,000000,0.4706000,0.5808000,0.4560000,0.5301000,3061
NYMEX.XRB,D,20200326,000000,0.5420000,0.6141000,0.5238000,0.5600000,1855
NYMEX.XRB,D,20200327,000000,0.5600000,0.5994000,0.4986000,0.5994000,1779
NYMEX.XRB,D,20200329,000000,0.5451000,0.5469000,0.5301000,0.5321000,25
NYMEX.XRB,D,20200330,000000,0.5337000,0.5951000,0.4904000,0.5802000,933
NYMEX.XRB,D,20200331,000000,0.5966000,0.6187000,0.5478000,0.5633000,895
NYMEX.XRB,D,20200401,000000,0.5650000,0.5818000,0.5090000,0.5765000,27710
NYMEX.XRB,D,20200402,000000,0.5793000,0.7492000,0.5671000,0.6596000,23450
NYMEX.XRB,D,20200403,000000,0.6577000,0.7600000,0.6347000,0.7149000,21387
NYMEX.XRB,D,20200405,000000,0.6670000,0.6670000,0.6353000,0.6579000,719
NYMEX.XRB,D,20200406,000000,0.6594000,0.7250000,0.6530000,0.7177000,16840
NYMEX.XRB,D,20200407,000000,0.7174000,0.7349000,0.6350000,0.6541000,17240
NYMEX.XRB,D,20200408,000000,0.6574000,0.7176000,0.6252000,0.7088000,20662
NYMEX.XRB,D,20200409,000000,0.7079000,0.7697000,0.6680000,0.6885000,14878
NYMEX.XRB,D,20200412,000000,0.7329000,0.7329000,0.6721000,0.6905000,637
NYMEX.XRB,D,20200413,000000,0.6957000,0.7307000,0.6565000,0.7274000,11395
NYMEX.XRB,D,20200414,000000,0.7259000,0.7676000,0.6992000,0.7568000,14644
NYMEX.XRB,D,20200415,000000,0.7569000,0.7643000,0.6922000,0.7269000,13300
NYMEX.XRB,D,20200416,000000,0.7280000,0.7749000,0.6955000,0.7191000,14078
NYMEX.XRB,D,20200417,000000,0.7192000,0.7387000,0.6844000,0.7133000,9995
NYMEX.XRB,D,20200419,000000,0.7121000,0.7148000,0.7080000,0.7096000,65
NYMEX.XRB,D,20200420,000000,0.7116000,0.7350000,0.6570000,0.6778000,8042
NYMEX.XRB,D,20200421,000000,0.6781000,0.6882000,0.4940000,0.5500000,8576
NYMEX.XRB,D,20200422,000000,0.5600000,0.6797000,0.4738000,0.6739000,5067
NYMEX.XRB,D,20200423,000000,0.6730000,0.7455000,0.6070000,0.6208000,4131
NYMEX.XRB,D,20200424,000000,0.6234000,0.6731000,0.6056000,0.6583000,3416
NYMEX.XRB,D,20200426,000000,0.6451000,0.6533000,0.6410000,0.6484000,18
NYMEX.XRB,D,20200427,000000,0.6478000,0.6724000,0.6324000,0.6466000,1722
NYMEX.XRB,D,20200428,000000,0.6466000,0.6920000,0.6280000,0.6888000,2084
NYMEX.XRB,D,20200429,000000,0.6911000,0.7680000,0.6906000,0.7349000,1589
NYMEX.XRB,D,20200430,000000,0.7690000,0.7960000,0.6854000,0.7881000,1395
NYMEX.XRB,D,20200501,000000,0.7872000,0.8029000,0.7400000,0.7674000,24626
NYMEX.XRB,D,20200503,000000,0.7622000,0.7622000,0.7445000,0.7528000,407
NYMEX.XRB,D,20200504,000000,0.7533000,0.8446000,0.7408000,0.8415000,25624
NYMEX.XRB,D,20200505,000000,0.8411000,0.9346000,0.8305000,0.9324000,26518
NYMEX.XRB,D,20200506,000000,0.9318000,0.9318000,0.8500000,0.8831000,26102
NYMEX.XRB,D,20200507,000000,0.8841000,0.9648000,0.8704000,0.9342000,26663
NYMEX.XRB,D,20200508,000000,0.9335000,0.9586000,0.9087000,0.9544000,16284
NYMEX.XRB,D,20200510,000000,0.9600000,0.9600000,0.9430000,0.9501000,253
NYMEX.XRB,D,20200511,000000,0.9498000,0.9820000,0.9161000,0.9333000,18189
NYMEX.XRB,D,20200512,000000,0.9354000,0.9452000,0.8889000,0.8920000,15658
NYMEX.XRB,D,20200513,000000,0.8920000,0.9090000,0.8339000,0.8490000,19758
NYMEX.XRB,D,20200514,000000,0.8490000,0.9344000,0.8376000,0.9286000,14352
NYMEX.XRB,D,20200515,000000,0.9300000,0.9745000,0.9165000,0.9715000,12307
NYMEX.XRB,D,20200517,000000,0.9700000,0.9953000,0.9682000,0.9953000,399
NYMEX.XRB,D,20200518,000000,0.9936000,1.0588000,0.9930000,1.0456000,9852
NYMEX.XRB,D,20200519,000000,1.0483000,1.0563000,1.0225000,1.0342000,7074
NYMEX.XRB,D,20200520,000000,1.0342000,1.0888000,1.0295000,1.0454000,4912
NYMEX.XRB,D,20200521,000000,1.0460000,1.0679000,1.0276000,1.0500000,4091
NYMEX.XRB,D,20200522,000000,1.0500000,1.0500000,0.9851000,1.0365000,4439
NYMEX.XRB,D,20200524,000000,1.0312000,1.0335000,1.0182000,1.0222000,39
NYMEX.XRB,D,20200525,000000,1.0255000,1.0595000,1.0195000,1.0515000,226
NYMEX.XRB,D,20200526,000000,1.0520000,1.0758000,1.0299000,1.0327000,2422
NYMEX.XRB,D,20200527,000000,1.0408000,1.0408000,0.9654000,0.9673000,2054
NYMEX.XRB,D,20200528,000000,0.9756000,1.0171000,0.9610000,0.9999000,1751
NYMEX.XRB,D,20200529,000000,0.9910000,1.0620000,0.9759000,1.0259000,806
NYMEX.XRB,D,20200531,000000,1.0785000,1.0878000,1.0620000,1.0761000,545
NYMEX.XRB,D,20200601,000000,1.0773000,1.0898000,1.0410000,1.0683000,25142
NYMEX.XRB,D,20200602,000000,1.0684000,1.1206000,1.0666000,1.1128000,21236
NYMEX.XRB,D,20200603,000000,1.1109000,1.1352000,1.0917000,1.1190000,23645
NYMEX.XRB,D,20200604,000000,1.1190000,1.1517000,1.1053000,1.1427000,17470
NYMEX.XRB,D,20200605,000000,1.1426000,1.2170000,1.1425000,1.2033000,21262
NYMEX.XRB,D,20200607,000000,1.2129000,1.2443000,1.2107000,1.2443000,923
NYMEX.XRB,D,20200608,000000,1.2433000,1.2444000,1.1913000,1.2086000,23615
NYMEX.XRB,D,20200609,000000,1.2089000,1.2184000,1.1818000,1.2117000,17235
NYMEX.XRB,D,20200610,000000,1.2086000,1.2198000,1.1864000,1.1914000,21625
NYMEX.XRB,D,20200611,000000,1.1923000,1.1955000,1.0927000,1.0967000,24665
NYMEX.XRB,D,20200612,000000,1.0972000,1.1382000,1.0741000,1.1261000,22187
NYMEX.XRB,D,20200614,000000,1.1208000,1.1211000,1.1087000,1.1114000,335
NYMEX.XRB,D,20200615,000000,1.1107000,1.1792000,1.0900000,1.1734000,24105
NYMEX.XRB,D,20200616,000000,1.1730000,1.2257000,1.1550000,1.1895000,18371
NYMEX.XRB,D,20200617,000000,1.1881000,1.2197000,1.1750000,1.2077000,15797
NYMEX.XRB,D,20200618,000000,1.2087000,1.2742000,1.2012000,1.2684000,12011
NYMEX.XRB,D,20200619,000000,1.2658000,1.2888000,1.2358000,1.2620000,8987
NYMEX.XRB,D,20200621,000000,1.2653000,1.2715000,1.2507000,1.2715000,80
NYMEX.XRB,D,20200622,000000,1.2701000,1.3074000,1.2538000,1.2991000,5279
NYMEX.XRB,D,20200623,000000,1.2989000,1.3288000,1.2782000,1.3003000,4108
NYMEX.XRB,D,20200624,000000,1.3001000,1.3056000,1.1751000,1.1844000,4844
NYMEX.XRB,D,20200625,000000,1.1879000,1.2100000,1.1354000,1.2060000,3391
NYMEX.XRB,D,20200626,000000,1.2025000,1.2141000,1.1323000,1.1354000,2910
NYMEX.XRB,D,20200628,000000,1.1313000,1.1313000,1.1251000,1.1266000,8
NYMEX.XRB,D,20200629,000000,1.1253000,1.1940000,1.1091000,1.1901000,1444
NYMEX.XRB,D,20200630,000000,1.1900000,1.2233000,1.1815000,1.2163000,861
NYMEX.XRB,D,20200701,000000,1.2159000,1.2497000,1.1920000,1.2124000,27031
NYMEX.XRB,D,20200702,000000,1.2124000,1.2625000,1.2092000,1.2430000,25299
NYMEX.XRB,D,20200703,000000,1.2418000,1.2553000,1.2318000,1.2440000,3963
NYMEX.XRB,D,20200705,000000,1.2528000,1.2632000,1.2450000,1.2575000,419
NYMEX.XRB,D,20200706,000000,1.2578000,1.2792000,1.2334000,1.2442000,22034
NYMEX.XRB,D,20200707,000000,1.2442000,1.2841000,1.2286000,1.2736000,24197
NYMEX.XRB,D,20200708,000000,1.2710000,1.2974000,1.2641000,1.2863000,23914
NYMEX.XRB,D,20200709,000000,1.2863000,1.2954000,1.2456000,1.2511000,21357
NYMEX.XRB,D,20200710,000000,1.2511000,1.2911000,1.2245000,1.2815000,24660
NYMEX.XRB,D,20200712,000000,1.2785000,1.2795000,1.2651000,1.2657000,422
NYMEX.XRB,D,20200713,000000,1.2660000,1.2913000,1.2440000,1.2453000,20007
NYMEX.XRB,D,20200714,000000,1.2443000,1.2658000,1.2170000,1.2656000,21644
NYMEX.XRB,D,20200715,000000,1.2611000,1.2771000,1.2448000,1.2585000,16983
NYMEX.XRB,D,20200716,000000,1.2576000,1.2624000,1.2255000,1.2352000,13733
NYMEX.XRB,D,20200717,000000,1.2354000,1.2370000,1.1939000,1.2222000,15039
NYMEX.XRB,D,20200719,000000,1.2245000,1.2245000,1.2162000,1.2229000,89
NYMEX.XRB,D,20200720,000000,1.2218000,1.2352000,1.2014000,1.2263000,8511
NYMEX.XRB,D,20200721,000000,1.2270000,1.2868000,1.2270000,1.2801000,7743
NYMEX.XRB,D,20200722,000000,1.2784000,1.2909000,1.2621000,1.2822000,4010
NYMEX.XRB,D,20200723,000000,1.2822000,1.2994000,1.2552000,1.2658000,5670
NYMEX.XRB,D,20200724,000000,1.2654000,1.2900000,1.2543000,1.2880000,5483
NYMEX.XRB,D,20200726,000000,1.2848000,1.2863000,1.2770000,1.2815000,44
NYMEX.XRB,D,20200727,000000,1.2810000,1.2880000,1.2450000,1.2821000,2757
NYMEX.XRB,D,20200728,000000,1.2812000,1.2873000,1.2520000,1.2557000,2979
NYMEX.XRB,D,20200729,000000,1.2597000,1.2687000,1.2381000,1.2425000,1912
NYMEX.XRB,D,20200730,000000,1.2427000,1.2427000,1.1610000,1.2370000,1592
NYMEX.XRB,D,20200731,000000,1.2338000,1.2378000,1.1748000,1.1871000,858
NYMEX.XRB,D,20200802,000000,1.1740000,1.1755000,1.1645000,1.1681000,141
NYMEX.XRB,D,20200803,000000,1.1695000,1.2287000,1.1557000,1.2038000,34383
NYMEX.XRB,D,20200804,000000,1.2049000,1.2311000,1.1887000,1.2127000,22943
NYMEX.XRB,D,20200805,000000,1.2120000,1.2646000,1.2104000,1.2266000,20374
NYMEX.XRB,D,20200806,000000,1.2269000,1.2496000,1.2139000,1.2319000,19761
NYMEX.XRB,D,20200807,000000,1.2317000,1.2378000,1.1956000,1.2135000,26392
NYMEX.XRB,D,20200809,000000,1.2195000,1.2195000,1.2081000,1.2135000,221
NYMEX.XRB,D,20200810,000000,1.2125000,1.2491000,1.2109000,1.2344000,24998
NYMEX.XRB,D,20200811,000000,1.2337000,1.2606000,1.2015000,1.2088000,25690
NYMEX.XRB,D,20200812,000000,1.2081000,1.2482000,1.2070000,1.2415000,21662
NYMEX.XRB,D,20200813,000000,1.2411000,1.2530000,1.2176000,1.2521000,17288
NYMEX.XRB,D,20200814,000000,1.2521000,1.2524000,1.2257000,1.2488000,19173
NYMEX.XRB,D,20200816,000000,1.2525000,1.2846000,1.2525000,1.2791000,1457
NYMEX.XRB,D,20200817,000000,1.2797000,1.2915000,1.2474000,1.2695000,19868
NYMEX.XRB,D,20200818,000000,1.2695000,1.2844000,1.2525000,1.2632000,12424
NYMEX.XRB,D,20200819,000000,1.2636000,1.2916000,1.2500000,1.2783000,8670
NYMEX.XRB,D,20200820,000000,1.2785000,1.3031000,1.2459000,1.3017000,6199
NYMEX.XRB,D,20200821,000000,1.3059000,1.3113000,1.2552000,1.2750000,8153
NYMEX.XRB,D,20200823,000000,1.2943000,1.3297000,1.2943000,1.3107000,406
NYMEX.XRB,D,20200824,000000,1.3097000,1.3803000,1.3024000,1.3779000,7195
NYMEX.XRB,D,20200825,000000,1.3765000,1.4395000,1.3631000,1.3996000,6811
NYMEX.XRB,D,20200826,000000,1.3969000,1.3970000,1.3264000,1.3626000,4408
NYMEX.XRB,D,20200827,000000,1.3620000,1.3743000,1.2690000,1.2763000,2331
NYMEX.XRB,D,20200828,000000,1.2767000,1.3188000,1.2690000,1.3125000,1805
NYMEX.XRB,D,20200831,000000,1.3241000,1.3245000,1.2197000,1.2231000,632
NYMEX.XRB,D,20200901,000000,1.2234000,1.2444000,1.2194000,1.2391000,19319
NYMEX.XRB,D,20200902,000000,1.2387000,1.2470000,1.1924000,1.2052000,30817
NYMEX.XRB,D,20200903,000000,1.2068000,1.2126000,1.1748000,1.1990000,26738
NYMEX.XRB,D,20200904,000000,1.1998000,1.2104000,1.1557000,1.1660000,35159
NYMEX.XRB,D,20200906,000000,1.1635000,1.1685000,1.1500000,1.1547000,275
NYMEX.XRB,D,20200907,000000,1.1554000,1.1735000,1.1547000,1.1644000,5121
NYMEX.XRB,D,20200908,000000,1.1637000,1.1668000,1.0851000,1.0992000,40760
NYMEX.XRB,D,20200909,000000,1.0997000,1.1292000,1.0933000,1.1200000,26044
NYMEX.XRB,D,20200910,000000,1.1194000,1.1314000,1.0882000,1.0933000,25079
NYMEX.XRB,D,20200911,000000,1.0935000,1.1154000,1.0755000,1.1005000,25782
NYMEX.XRB,D,20200913,000000,1.1076000,1.1177000,1.1007000,1.1115000,1368
NYMEX.XRB,D,20200914,000000,1.1118000,1.1204000,1.0927000,1.1124000,24895
NYMEX.XRB,D,20200915,000000,1.1121000,1.1410000,1.1004000,1.1341000,22715
NYMEX.XRB,D,20200916,000000,1.1330000,1.1990000,1.1312000,1.1952000,25415
NYMEX.XRB,D,20200917,000000,1.1947000,1.2315000,1.1732000,1.2215000,20156
NYMEX.XRB,D,20200918,000000,1.2215000,1.2382000,1.2114000,1.2360000,11407
NYMEX.XRB,D,20200920,000000,1.2320000,1.2360000,1.2139000,1.2167000,245
NYMEX.XRB,D,20200921,000000,1.2158000,1.2256000,1.1610000,1.1874000,8389
NYMEX.XRB,D,20200922,000000,1.1860000,1.1876000,1.1521000,1.1726000,3785
NYMEX.XRB,D,20200923,000000,1.1741000,1.2000000,1.1626000,1.1655000,5404
NYMEX.XRB,D,20200924,000000,1.1678000,1.1984000,1.1673000,1.1960000,2302
NYMEX.XRB,D,20200925,000000,1.1960000,1.2165000,1.1850000,1.2148000,4381
NYMEX.XRB,D,20200927,000000,1.2099000,1.2176000,1.2099000,1.2135000,41
NYMEX.XRB,D,20200928,000000,1.2127000,1.2526000,1.2042000,1.2503000,2693
NYMEX.XRB,D,20200929,000000,1.2496000,1.2518000,1.1856000,1.1900000,2444
NYMEX.XRB,D,20200930,000000,1.1900000,1.2069000,1.1741000,1.1767000,754
NYMEX.XRB,D,20201001,000000,1.1765000,1.1888000,1.1230000,1.1469000,26637
NYMEX.XRB,D,20201002,000000,1.1469000,1.1486000,1.0958000,1.1190000,26112
NYMEX.XRB,D,20201004,000000,1.1274000,1.1436000,1.1224000,1.1430000,1054
NYMEX.XRB,D,20201005,000000,1.1449000,1.2147000,1.1435000,1.1995000,36527
NYMEX.XRB,D,20201006,000000,1.1998000,1.2433000,1.1952000,1.2147000,30285
NYMEX.XRB,D,20201007,000000,1.2139000,1.2236000,1.1801000,1.2095000,26794
NYMEX.XRB,D,20201008,000000,1.2084000,1.2376000,1.2038000,1.2299000,20797
NYMEX.XRB,D,20201009,000000,1.2305000,1.2323000,1.1977000,1.2056000,24417
NYMEX.XRB,D,20201011,000000,1.2082000,1.2082000,1.1997000,1.2013000,481
NYMEX.XRB,D,20201012,000000,1.2002000,1.2016000,1.1678000,1.1791000,22932
NYMEX.XRB,D,20201013,000000,1.1795000,1.1998000,1.1745000,1.1801000,18696
NYMEX.XRB,D,20201014,000000,1.1816000,1.2042000,1.1651000,1.2007000,18180
NYMEX.XRB,D,20201015,000000,1.1998000,1.2017000,1.1384000,1.1810000,23282
NYMEX.XRB,D,20201016,000000,1.1804000,1.1828000,1.1422000,1.1650000,14886
NYMEX.XRB,D,20201018,000000,1.1650000,1.1708000,1.1640000,1.1683000,243
NYMEX.XRB,D,20201019,000000,1.1683000,1.1758000,1.1554000,1.1584000,11446
NYMEX.XRB,D,20201020,000000,1.1577000,1.1925000,1.1521000,1.1838000,6225
NYMEX.XRB,D,20201021,000000,1.1835000,1.1852000,1.1308000,1.1339000,7654
NYMEX.XRB,D,20201022,000000,1.1361000,1.1702000,1.1331000,1.1575000,4402
NYMEX.XRB,D,20201023,000000,1.1575000,1.1627000,1.1310000,1.1385000,4199
NYMEX.XRB,D,20201025,000000,1.1335000,1.1335000,1.1226000,1.1264000,100
NYMEX.XRB,D,20201026,000000,1.1308000,1.1330000,1.1067000,1.1150000,3651
NYMEX.XRB,D,20201027,000000,1.1136000,1.1471000,1.1123000,1.1228000,3285
NYMEX.XRB,D,20201028,000000,1.1209000,1.1212000,1.0691000,1.1025000,3233
NYMEX.XRB,D,20201029,000000,1.0992000,1.1049000,1.0215000,1.0450000,1586
NYMEX.XRB,D,20201030,000000,1.0532000,1.0581000,1.0294000,1.0495000,1038
NYMEX.XRB,D,20201101,000000,1.0215000,1.0217000,0.9702000,0.9778000,1816
NYMEX.XRB,D,20201102,000000,0.9776000,1.0625000,0.9752000,1.0579000,31117
NYMEX.XRB,D,20201103,000000,1.0574000,1.0965000,1.0411000,1.0903000,27567
NYMEX.XRB,D,20201104,000000,1.0891000,1.1125000,1.0610000,1.1051000,25832
NYMEX.XRB,D,20201105,000000,1.1044000,1.1185000,1.0861000,1.1120000,20852
NYMEX.XRB,D,20201106,000000,1.1114000,1.1127000,1.0757000,1.0894000,25625
NYMEX.XRB,D,20201108,000000,1.0905000,1.0998000,1.0839000,1.0984000,194
NYMEX.XRB,D,20201109,000000,1.0972000,1.1973000,1.0963000,1.1450000,32935
NYMEX.XRB,D,20201110,000000,1.1454000,1.2111000,1.1395000,1.1987000,28827
NYMEX.XRB,D,20201111,000000,1.1981000,1.2341000,1.1729000,1.1782000,24103
NYMEX.XRB,D,20201112,000000,1.1762000,1.1854000,1.1427000,1.1456000,23706
NYMEX.XRB,D,20201113,000000,1.1445000,1.1463000,1.1178000,1.1236000,25244
NYMEX.XRB,D,20201115,000000,1.1250000,1.1331000,1.1231000,1.1318000,175
NYMEX.XRB,D,20201116,000000,1.1313000,1.1746000,1.1301000,1.1507000,19169
NYMEX.XRB,D,20201117,000000,1.1505000,1.1598000,1.1244000,1.1532000,13142
NYMEX.XRB,D,20201118,000000,1.1528000,1.1785000,1.1482000,1.1540000,8373
NYMEX.XRB,D,20201119,000000,1.1531000,1.1701000,1.1423000,1.1617000,6136
NYMEX.XRB,D,20201120,000000,1.1605000,1.1840000,1.1589000,1.1798000,5158
NYMEX.XRB,D,20201122,000000,1.1785000,1.1820000,1.1773000,1.1805000,42
NYMEX.XRB,D,20201123,000000,1.1803000,1.2096000,1.1780000,1.2057000,5063
NYMEX.XRB,D,20201124,000000,1.2045000,1.2696000,1.2031000,1.2577000,4651
NYMEX.XRB,D,20201125,000000,1.2585000,1.2960000,1.2564000,1.2877000,5540
NYMEX.XRB,D,20201126,000000,1.2967000,1.2967000,1.2599000,1.2657000,377
NYMEX.XRB,D,20201127,000000,1.2690000,1.2842000,1.2610000,1.2801000,1789
NYMEX.XRB,D,20201129,000000,1.2680000,1.2680000,1.2643000,1.2679000,9
NYMEX.XRB,D,20201130,000000,1.2694000,1.2820000,1.2350000,1.2381000,1370
NYMEX.XRB,D,20201201,000000,1.2381000,1.2541000,1.2057000,1.2082000,31084
NYMEX.XRB,D,20201202,000000,1.2079000,1.2553000,1.2037000,1.2346000,31363
NYMEX.XRB,D,20201203,000000,1.2345000,1.2674000,1.2239000,1.2652000,24846
NYMEX.XRB,D,20201204,000000,1.2653000,1.2880000,1.2588000,1.2619000,22861
NYMEX.XRB,D,20201206,000000,1.2645000,1.2676000,1.2614000,1.2623000,200
NYMEX.XRB,D,20201207,000000,1.2610000,1.2740000,1.2438000,1.2504000,24249
NYMEX.XRB,D,20201208,000000,1.2506000,1.2686000,1.2384000,1.2559000,24213
NYMEX.XRB,D,20201209,000000,1.2558000,1.2865000,1.2495000,1.2841000,32111
NYMEX.XRB,D,20201210,000000,1.2840000,1.3355000,1.2789000,1.3204000,31414
NYMEX.XRB,D,20201211,000000,1.3204000,1.3265000,1.2981000,1.3079000,23059
NYMEX.XRB,D,20201213,000000,1.3113000,1.3131000,1.3076000,1.3109000,206
NYMEX.XRB,D,20201214,000000,1.3106000,1.3285000,1.2862000,1.3211000,23557
NYMEX.XRB,D,20201215,000000,1.3221000,1.3346000,1.3090000,1.3263000,19529
NYMEX.XRB,D,20201216,000000,1.3258000,1.3597000,1.3213000,1.3549000,22796
NYMEX.XRB,D,20201217,000000,1.3548000,1.3917000,1.3544000,1.3888000,22310
NYMEX.XRB,D,20201218,000000,1.3886000,1.4018000,1.3784000,1.3964000,13750
NYMEX.XRB,D,20201220,000000,1.3910000,1.3911000,1.3753000,1.3780000,297
NYMEX.XRB,D,20201221,000000,1.3767000,1.3769000,1.3083000,1.3564000,6600
NYMEX.XRB,D,20201222,000000,1.3519000,1.3563000,1.3217000,1.3382000,3534
NYMEX.XRB,D,20201223,000000,1.3395000,1.3871000,1.3211000,1.3810000,3839
NYMEX.XRB,D,20201224,000000,1.3800000,1.3935000,1.3656000,1.3780000,2161
NYMEX.XRB,D,20201227,000000,1.3788000,1.3788000,1.3630000,1.3705000,67
NYMEX.XRB,D,20201228,000000,1.3700000,1.3985000,1.3645000,1.3675000,2601
NYMEX.XRB,D,20201229,000000,1.3683000,1.3951000,1.3683000,1.3901000,2452
NYMEX.XRB,D,20201230,000000,1.3908000,1.4235000,1.3901000,1.4078000,1380
NYMEX.XRB,D,20201231,000000,1.4067000,1.4238000,1.3966000,1.4084000,496
NYMEX.XRB,D,20210103,000000,1.4085000,1.4115000,1.4021000,1.4093000,233
NYMEX.XRB,D,20210104,000000,1.4086000,1.4516000,1.3618000,1.3656000,33961
NYMEX.XRB,D,20210105,000000,1.3657000,1.4586000,1.3641000,1.4415000,31761
NYMEX.XRB,D,20210106,000000,1.4413000,1.4931000,1.4404000,1.4707000,26354
NYMEX.XRB,D,20210107,000000,1.4702000,1.4879000,1.4641000,1.4869000,19828
NYMEX.XRB,D,20210108,000000,1.4864000,1.5495000,1.4844000,1.5480000,26863
NYMEX.XRB,D,20210110,000000,1.5470000,1.5486000,1.5350000,1.5354000,209
NYMEX.XRB,D,20210111,000000,1.5360000,1.5387000,1.5098000,1.5214000,18633
NYMEX.XRB,D,20210112,000000,1.5214000,1.5613000,1.5199000,1.5586000,17222
NYMEX.XRB,D,20210113,000000,1.5612000,1.5756000,1.5344000,1.5459000,18759
NYMEX.XRB,D,20210114,000000,1.5459000,1.5609000,1.5183000,1.5609000,11426
NYMEX.XRB,D,20210115,000000,1.5608000,1.5624000,1.5160000,1.5183000,15373
NYMEX.XRB,D,20210117,000000,1.5181000,1.5245000,1.5166000,1.5210000,87
NYMEX.XRB,D,20210118,000000,1.5210000,1.5264000,1.5115000,1.5241000,2334
NYMEX.XRB,D,20210119,000000,1.5246000,1.5489000,1.5213000,1.5422000,7298
NYMEX.XRB,D,20210120,000000,1.5421000,1.5635000,1.5300000,1.5366000,5375
NYMEX.XRB,D,20210121,000000,1.5350000,1.5515000,1.5285000,1.5483000,5061
NYMEX.XRB,D,20210122,000000,1.5479000,1.5517000,1.5074000,1.5384000,7316
NYMEX.XRB,D,20210124,000000,1.5419000,1.5477000,1.5409000,1.5472000,45
NYMEX.XRB,D,20210125,000000,1.5450000,1.5725000,1.5328000,1.5634000,4100
NYMEX.XRB,D,20210126,000000,1.5633000,1.5890000,1.5535000,1.5779000,3475
NYMEX.XRB,D,20210127,000000,1.5806000,1.5900000,1.5615000,1.5689000,3249
NYMEX.XRB,D,20210128,000000,1.5654000,1.6119000,1.5634000,1.5807000,1976
NYMEX.XRB,D,20210129,000000,1.5903000,1.6293000,1.5676000,1.5725000,771
NYMEX.XRB,D,20210131,000000,1.5527000,1.5541000,1.5410000,1.5526000,425
NYMEX.XRB,D,20210201,000000,1.5532000,1.5979000,1.5489000,1.5955000,26068
NYMEX.XRB,D,20210202,000000,1.5942000,1.6434000,1.5924000,1.6384000,21601
NYMEX.XRB,D,20210203,000000,1.6351000,1.6583000,1.6312000,1.6533000,24045
NYMEX.XRB,D,20210204,000000,1.6524000,1.6615000,1.6244000,1.6554000,17098
NYMEX.XRB,D,20210205,000000,1.6556000,1.6732000,1.6470000,1.6526000,13753
NYMEX.XRB,D,20210207,000000,1.6517000,1.6628000,1.6517000,1.6611000,66
NYMEX.XRB,D,20210208,000000,1.6619000,1.6800000,1.6575000,1.6794000,15458
NYMEX.XRB,D,20210209,000000,1.6785000,1.6924000,1.6494000,1.6676000,20106
NYMEX.XRB,D,20210210,000000,1.6660000,1.6721000,1.6383000,1.6388000,19236
NYMEX.XRB,D,20210211,000000,1.6413000,1.6670000,1.6335000,1.6462000,17900
NYMEX.XRB,D,20210212,000000,1.6463000,1.7006000,1.6310000,1.6946000,20020
NYMEX.XRB,D,20210214,000000,1.7023000,1.7201000,1.7020000,1.7088000,1474
NYMEX.XRB,D,20210215,000000,1.7088000,1.7843000,1.7078000,1.7837000,8711
NYMEX.XRB,D,20210216,000000,1.7840000,1.7927000,1.7393000,1.7708000,18810
NYMEX.XRB,D,20210217,000000,1.7710000,1.8251000,1.7599000,1.8251000,9841
NYMEX.XRB,D,20210218,000000,1.8274000,1.8486000,1.7721000,1.8137000,9348
NYMEX.XRB,D,20210219,000000,1.8139000,1.8384000,1.7794000,1.7863000,9307
NYMEX.XRB,D,20210221,000000,1.7873000,1.8051000,1.7866000,1.8051000,136
NYMEX.XRB,D,20210222,000000,1.8101000,1.8618000,1.7864000,1.8458000,5724
NYMEX.XRB,D,20210223,000000,1.8475000,1.8722000,1.8121000,1.8537000,5670
NYMEX.XRB,D,20210224,000000,1.8557000,1.9023000,1.8486000,1.9017000,3199
NYMEX.XRB,D,20210225,000000,1.8999000,1.9040000,1.8687000,1.8979000,1954
NYMEX.XRB,D,20210226,000000,1.8835000,1.8975000,1.8666000,1.8770000,2090
NYMEX.XRB,D,20210228,000000,1.9622000,1.9781000,1.9561000,1.9758000,475
NYMEX.XRB,D,20210301,000000,1.9752000,1.9890000,1.9178000,1.9335000,33377
NYMEX.XRB,D,20210302,000000,1.9325000,1.9651000,1.9063000,1.9264000,29977
NYMEX.XRB,D,20210303,000000,1.9263000,1.9711000,1.9247000,1.9301000,27077
NYMEX.XRB,D,20210304,000000,1.9315000,2.0242000,1.9166000,2.0069000,28224
NYMEX.XRB,D,20210305,000000,2.0051000,2.0790000,1.9939000,2.0770000,25264
NYMEX.XRB,D,20210307,000000,2.0826000,2.1119000,2.0826000,2.0890000,743
NYMEX.XRB,D,20210308,000000,2.0899000,2.1065000,2.0314000,2.0478000,22134
NYMEX.XRB,D,20210309,000000,2.0485000,2.0859000,2.0338000,2.0461000,20229
NYMEX.XRB,D,20210310,000000,2.0462000,2.0880000,2.0202000,2.0781000,21331
NYMEX.XRB,D,20210311,000000,2.0777000,2.1455000,2.0750000,2.1345000,19810
NYMEX.XRB,D,20210312,000000,2.1355000,2.1599000,2.1267000,2.1519000,19057
NYMEX.XRB,D,20210314,000000,2.1520000,2.1646000,2.1475000,2.1609000,324
NYMEX.XRB,D,20210315,000000,2.1609000,2.1700000,2.0798000,2.1039000,23843
NYMEX.XRB,D,20210316,000000,2.1039000,2.1116000,2.0761000,2.0952000,15657
NYMEX.XRB,D,20210317,000000,2.0957000,2.1038000,2.0309000,2.0633000,18348
NYMEX.XRB,D,20210318,000000,2.0632000,2.0645000,1.8971000,1.9285000,18907
NYMEX.XRB,D,20210319,000000,1.9258000,1.9711000,1.8973000,1.9362000,12432
NYMEX.XRB,D,20210321,000000,1.9402000,1.9446000,1.9300000,1.9300000,151
NYMEX.XRB,D,20210322,000000,1.9233000,1.9742000,1.9171000,1.9548000,6452
NYMEX.XRB,D,20210323,000000,1.9575000,1.9586000,1.8709000,1.8800000,6682
NYMEX.XRB,D,20210324,000000,1.8812000,1.9915000,1.8812000,1.9751000,6873
NYMEX.XRB,D,20210325,000000,1.9825000,1.9838000,1.9028000,1.9248000,3959
NYMEX.XRB,D,20210326,000000,1.9281000,1.9813000,1.9281000,1.9675000,3763
NYMEX.XRB,D,20210328,000000,1.9665000,1.9758000,1.9613000,1.9758000,43
NYMEX.XRB,D,20210329,000000,1.9780000,2.0179000,1.9506000,2.0168000,1564
NYMEX.XRB,D,20210330,000000,2.0113000,2.0113000,1.9575000,1.9905000,1618
NYMEX.XRB,D,20210331,000000,2.0100000,2.0100000,1.9371000,1.9688000,670
NYMEX.XRB,D,20210401,000000,1.9661000,2.0360000,1.9550000,2.0107000,29597
NYMEX.XRB,D,20210402,000000,2.0223000,2.0223000,2.0223000,2.0223000,1
NYMEX.XRB,D,20210404,000000,2.0223000,2.0223000,1.9928000,2.0107000,386
NYMEX.XRB,D,20210405,000000,2.0120000,2.0149000,1.9297000,1.9737000,24905
NYMEX.XRB,D,20210406,000000,1.9725000,2.0171000,1.9551000,1.9574000,24454
NYMEX.XRB,D,20210407,000000,1.9601000,1.9833000,1.9169000,1.9471000,25094
NYMEX.XRB,D,20210408,000000,1.9463000,1.9655000,1.9331000,1.9578000,20024
NYMEX.XRB,D,20210409,000000,1.9590000,1.9691000,1.9400000,1.9636000,19832
NYMEX.XRB,D,20210411,000000,1.9646000,1.9694000,1.9645000,1.9670000,256
NYMEX.XRB,D,20210412,000000,1.9671000,1.9982000,1.9435000,1.9685000,20962
NYMEX.XRB,D,20210413,000000,1.9685000,1.9874000,1.9646000,1.9736000,15184
NYMEX.XRB,D,20210414,000000,1.9727000,2.0465000,1.9702000,2.0248000,21393
NYMEX.XRB,D,20210415,000000,2.0239000,2.0535000,2.0176000,2.0500000,13519
NYMEX.XRB,D,20210416,000000,2.0509000,2.0622000,2.0364000,2.0385000,16097
